2065
-60.993 5 -44.749 0 1 0
-68.1746 13 -60.1738 0 1 0
0 21 -50 0 1 0
-28.537 29 4.44617 0 1 0
-63.4453 37 -67.8356 0 1 0
-50 45 -100 0 1 0
0 53 -50 0 1 0
-50 61 0 0 1 0
-75.8832 69 -59.5551 0 1 0
-77.6054 77 -40.3264 0 1 0
127.846 85 -152.62 0 1 0
-111.751 93 45.404 0 1 0
-177.692 93 121.856 0 1 0
-141.482 93 128.056 0 1 0
0 85 50 0 1 0
-50 77 0 0 1 0
-126.372 69 91.815 0 1 0
-112.805 61 99.1277 0 1 0
-111.836 53 114.51 0 1 0
-76.0728 45 75.7605 0 1 0
-107.697 37 98.6063 0 1 0
-19.4655 29 -1.56064 0 1 0
0 21 50 0 1 0
-50 13 0 0 1 0
-85.3806 5 -24.1955 0 1 0
-50 13 -100 0 1 0
0 21 -50 0 1 0
-36.7731 29 8.48561 0 1 0
-71.4316 37 -71.1157 0 1 0
-50 45 -100 0 1 0
0 53 -50 0 1 0
-50 61 0 0 1 0
-130.208 69 -25.933 0 1 0
-73.1115 77 -56.275 0 1 0
0.256106 85 -33.3408 0 1 0
-148.869 93 74.0142 0 1 0
-161.419 93 132.388 0 1 0
-87.5948 93 115.722 0 1 0
0 85 50 0 1 0
-50 77 0 0 1 0
-100 69 50 0 1 0
-115.19 61 121.411 0 1 0
0 53 50 0 1 0
-50 45 0 0 1 0
-130.925 37 46.888 0 1 0
-77.3029 29 104.098 0 1 0
0 21 50 0 1 0
-50 13 0 0 1 0
-83.2571 5 -51.3051 0 1 0
-50 13 -100 0 1 0
0 21 -50 0 1 0
-50 29 0 0 1 0
-65.7453 37 -71.8488 0 1 0
-50 45 -100 0 1 0
0 53 -50 0 1 0
-50 61 0 0 1 0
-102.106 69 -59.0473 0 1 0
-73.6209 77 -53.9363 0 1 0
-1.34031 85 -68.3032 0 1 0
31.7805 93 -69.1575 0 1 0
-64.7811 93 43.1317 0 1 0
-67.1641 93 100.993 0 1 0
0 85 50 0 1 0
-50 77 0 0 1 0
-100 69 50 0 1 0
-102.328 61 108.698 0 1 0
0 53 50 0 1 0
-50 45 0 0 1 0
-123.854 37 79.5236 0 1 0
-50 29 100 0 1 0
0 21 50 0 1 0
-50 13 0 0 1 0
-77.0725 5 -43.5418 0 1 0
-50 13 -100 0 1 0
0 21 -50 0 1 0
-50 29 0 0 1 0
-65.8658 37 -66.526 0 1 0
-50 45 -100 0 1 0
0 53 -50 0 1 0
-50 61 0 0 1 0
-115.987 69 -24.388 0 1 0
-74.7249 77 -53.7254 0 1 0
-13.6291 85 -56.2991 0 1 0
-119.781 93 77.3686 0 1 0
-16.8995 93 6.47095 0 1 0
-62.6319 93 118.834 0 1 0
0 85 50 0 1 0
-50 77 0 0 1 0
-100 69 50 0 1 0
-52.3751 61 88.4067 0 1 0
0 53 50 0 1 0
-50 45 0 0 1 0
-109.483 37 39.3357 0 1 0
-50 29 100 0 1 0
0 21 50 0 1 0
-50 13 0 0 1 0
-71.4231 5 -49.6129 0 1 0
-50 13 -100 0 1 0
0 21 -50 0 1 0
-50 29 0 0 1 0
-68.7432 37 -63.5985 0 1 0
-50 45 -100 0 1 0
0 53 -50 0 1 0
-50 61 0 0 1 0
-100 69 -50 0 1 0
15.9653 77 -249.784 0 1 0
-13.9397 85 -58.941 0 1 0
-66.5084 93 29.2462 0 1 0
-75.8181 93 57.3961 0 1 0
107.754 93 7.60137 0 1 0
0 85 50 0 1 0
-50 77 0 0 1 0
-100 69 50 0 1 0
-65.8644 61 101.322 0 1 0
0 53 50 0 1 0
-50 45 0 0 1 0
-82.9334 37 52.6096 0 1 0
-50 29 100 0 1 0
0 21 50 0 1 0
-50 13 0 0 1 0
-80.3944 5 -53.8928 0 1 0
-50 13 -100 0 1 0
0 21 -50 0 1 0
-50 29 0 0 1 0
-80.4886 37 -59.2749 0 1 0
-50 45 -100 0 1 0
0 53 -50 0 1 0
-50 61 0 0 1 0
-100 69 -50 0 1 0
-45.428 77 -143.486 0 1 0
-13.6291 85 -56.2991 0 1 0
-46.4287 93 -13.1768 0 1 0
-124.676 93 98.3169 0 1 0
291.666 93 -101.453 0 1 0
0 85 50 0 1 0
-50 77 0 0 1 0
-100 69 50 0 1 0
-72.5536 61 99.6565 0 1 0
0 53 50 0 1 0
-50 45 0 0 1 0
-114.549 37 54.1916 0 1 0
-50 29 100 0 1 0
0 21 50 0 1 0
-50 13 0 0 1 0
-88.0146 5 -18.1052 0 1 0
-50 13 -100 0 1 0
0 21 -50 0 1 0
-50 29 0 0 1 0
-72.3607 37 -71.289 0 1 0
-50 45 -100 0 1 0
0 53 -50 0 1 0
-50 61 0 0 1 0
-100 69 -50 0 1 0
-39.69 77 -86.1002 0 1 0
15.4677 85 -64.4708 0 1 0
-57.5987 93 -11.8847 0 1 0
16.6632 93 -103.451 0 1 0
11.5854 93 70.3921 0 1 0
0 85 50 0 1 0
-50 77 0 0 1 0
-100 69 50 0 1 0
0.606694 61 82.7081 0 1 0
0 53 50 0 1 0
-50 45 0 0 1 0
-100 37 50 0 1 0
-50 29 100 0 1 0
0 21 50 0 1 0
-50 13 0 0 1 0
-93.1963 5 -43.2175 0 1 0
-50 13 -100 0 1 0
0 21 -50 0 1 0
-50 29 0 0 1 0
-81.3484 37 -57.8202 0 1 0
-50 45 -100 0 1 0
0 53 -50 0 1 0
-50 61 0 0 1 0
-100 69 -50 0 1 0
41.039 77 -191.873 0 1 0
0 85 -50 0 1 0
-90.1174 93 43.5542 0 1 0
-134.688 93 100.365 0 1 0
-80.8344 93 117.597 0 1 0
0 85 50 0 1 0
-50 77 0 0 1 0
-100 69 50 0 1 0
-8.77967 61 73.3303 0 1 0
0 53 50 0 1 0
-50 45 0 0 1 0
-100 37 50 0 1 0
-50 29 100 0 1 0
0 21 50 0 1 0
-50 13 0 0 1 0
-128.033 5 -46.0877 0 1 0
-50 13 -100 0 1 0
0 21 -50 0 1 0
-50 29 0 0 1 0
-99.0373 37 -61.6166 0 1 0
-50 45 -100 0 1 0
0 53 -50 0 1 0
-50 61 0 0 1 0
-100 69 -50 0 1 0
-40.8547 77 -91.2249 0 1 0
0 85 -50 0 1 0
-72.1644 93 9.49895 0 1 0
-128.83 93 66.0574 0 1 0
-93.5325 93 107.892 0 1 0
0 85 50 0 1 0
-50 77 0 0 1 0
-100 69 50 0 1 0
-53.1631 61 114.597 0 1 0
0 53 50 0 1 0
-50 45 0 0 1 0
-100 37 50 0 1 0
-50 29 100 0 1 0
0 21 50 0 1 0
-50 13 0 0 1 0
-83.5072 5 -94.2469 0 1 0
-50 13 -100 0 1 0
0 21 -50 0 1 0
-50 29 0 0 1 0
-74.3225 37 -53.0095 0 1 0
-50 45 -100 0 1 0
0 53 -50 0 1 0
-50 61 0 0 1 0
-100 69 -50 0 1 0
13.1229 77 -234.204 0 1 0
0 85 -50 0 1 0
-48.2045 93 3.11919 0 1 0
-146.155 93 101.965 0 1 0
-50 93 100 0 1 0
0 85 50 0 1 0
-50 77 0 0 1 0
-100 69 50 0 1 0
-50.5649 61 105.28 0 1 0
0 53 50 0 1 0
-50 45 0 0 1 0
-100 37 50 0 1 0
-50 29 100 0 1 0
0 21 50 0 1 0
-50 13 0 0 1 0
-79.2525 5 -49.7813 0 1 0
-50 13 -100 0 1 0
0 21 -50 0 1 0
-50 29 0 0 1 0
-66.1044 37 -77.368 0 1 0
-50 45 -100 0 1 0
0 53 -50 0 1 0
-50 61 0 0 1 0
-100 69 -50 0 1 0
-75.8793 77 -55.7283 0 1 0
0 85 -50 0 1 0
-118.84 93 52.1307 0 1 0
-156.756 93 85.7833 0 1 0
-50 93 100 0 1 0
0 85 50 0 1 0
-50 77 0 0 1 0
-100 69 50 0 1 0
-61.1306 61 90.5131 0 1 0
0 53 50 0 1 0
-50 45 0 0 1 0
-100 37 50 0 1 0
-50 29 100 0 1 0
0 21 50 0 1 0
-50 13 0 0 1 0
-108.204 5 -35.8903 0 1 0
-50 13 -100 0 1 0
0 21 -50 0 1 0
-50 29 0 0 1 0
-70.9215 37 -74.5855 0 1 0
-50 45 -100 0 1 0
0 53 -50 0 1 0
-50 61 0 0 1 0
-100 69 -50 0 1 0
-55.8251 77 -129.776 0 1 0
0 85 -50 0 1 0
-54.8568 93 -5.98525 0 1 0
-131.97 93 87.1399 0 1 0
-50 93 100 0 1 0
0 85 50 0 1 0
-50 77 0 0 1 0
-100 69 50 0 1 0
-22.1583 61 93.0301 0 1 0
0 53 50 0 1 0
-50 45 0 0 1 0
-100 37 50 0 1 0
-50 29 100 0 1 0
0 21 50 0 1 0
-50 13 0 0 1 0
-109.154 5 -55.8629 0 1 0
-50 13 -100 0 1 0
0 21 -50 0 1 0
-50 29 0 0 1 0
-61.8984 37 -71.1443 0 1 0
-50 45 -100 0 1 0
0 53 -50 0 1 0
-50 61 0 0 1 0
-100 69 -50 0 1 0
74.6129 77 -307.259 0 1 0
0 85 -50 0 1 0
-53.8235 93 -10.8208 0 1 0
-100 93 50 0 1 0
-50 93 100 0 1 0
0 85 50 0 1 0
-50 77 0 0 1 0
-100 69 50 0 1 0
-70.6777 61 108.385 0 1 0
0 53 50 0 1 0
-50 45 0 0 1 0
-100 37 50 0 1 0
-50 29 100 0 1 0
0 21 50 0 1 0
-50 13 0 0 1 0
-110.694 5 -29.2723 0 1 0
-50 13 -100 0 1 0
0 21 -50 0 1 0
-50 29 0 0 1 0
-72.8394 37 -69.6206 0 1 0
-50 45 -100 0 1 0
0 53 -50 0 1 0
-50 61 0 0 1 0
-100 69 -50 0 1 0
40.7687 77 -231.142 0 1 0
0 85 -50 0 1 0
-93.0697 93 59.0242 0 1 0
-100 93 50 0 1 0
-50 93 100 0 1 0
0 85 50 0 1 0
-50 77 0 0 1 0
-100 69 50 0 1 0
-50.098 61 72.511 0 1 0
0 53 50 0 1 0
-50 45 0 0 1 0
-100 37 50 0 1 0
-50 29 100 0 1 0
0 21 50 0 1 0
-50 13 0 0 1 0
-98.8315 5 -34.6695 0 1 0
-50 13 -100 0 1 0
0 21 -50 0 1 0
-50 29 0 0 1 0
-74.2088 37 -71.6339 0 1 0
-50 45 -100 0 1 0
0 53 -50 0 1 0
-50 61 0 0 1 0
-100 69 -50 0 1 0
-84.6345 77 -58.3936 0 1 0
0 85 -50 0 1 0
-50 93 0 0 1 0
-100 93 50 0 1 0
-50 93 100 0 1 0
0 85 50 0 1 0
-50 77 0 0 1 0
-100 69 50 0 1 0
-52.0676 61 104.709 0 1 0
0 53 50 0 1 0
-50 45 0 0 1 0
-100 37 50 0 1 0
-50 29 100 0 1 0
0 21 50 0 1 0
-50 13 0 0 1 0
-86.9702 5 -27.1715 0 1 0
-50 13 -100 0 1 0
0 21 -50 0 1 0
-50 29 0 0 1 0
-72.824 37 -71.3755 0 1 0
-50 45 -100 0 1 0
0 53 -50 0 1 0
-50 61 0 0 1 0
-100 69 -50 0 1 0
22.1395 77 -191.54 0 1 0
0 85 -50 0 1 0
-50 93 0 0 1 0
-100 93 50 0 1 0
-50 93 100 0 1 0
0 85 50 0 1 0
-50 77 0 0 1 0
-100 69 50 0 1 0
-63.6889 61 98.3929 0 1 0
0 53 50 0 1 0
-50 45 0 0 1 0
-100 37 50 0 1 0
-50 29 100 0 1 0
0 21 50 0 1 0
-50 13 0 0 1 0
-88.1301 5 -35.4546 0 1 0
-50 13 -100 0 1 0
0 21 -50 0 1 0
-50 29 0 0 1 0
-68.1849 37 -68.7362 0 1 0
-50 45 -100 0 1 0
0 53 -50 0 1 0
-50 61 0 0 1 0
-100 69 -50 0 1 0
-1.48 77 -137.22 0 1 0
0 85 -50 0 1 0
-50 93 0 0 1 0
-100 93 50 0 1 0
-50 93 100 0 1 0
0 85 50 0 1 0
-50 77 0 0 1 0
-100 69 50 0 1 0
-50 61 100 0 1 0
0 53 50 0 1 0
-50 45 0 0 1 0
-100 37 50 0 1 0
-50 29 100 0 1 0
0 21 50 0 1 0
-50 13 0 0 1 0
-97.8728 5 -100.617 0 1 0
-50 13 -100 0 1 0
0 21 -50 0 1 0
-50 29 0 0 1 0
-84.8236 37 -60.1997 0 1 0
-50 45 -100 0 1 0
0 53 -50 0 1 0
-50 61 0 0 1 0
-100 69 -50 0 1 0
105.243 77 -260.121 0 1 0
0 85 -50 0 1 0
-50 93 0 0 1 0
-100 93 50 0 1 0
-50 93 100 0 1 0
0 85 50 0 1 0
-50 77 0 0 1 0
-100 69 50 0 1 0
-50 61 100 0 1 0
0 53 50 0 1 0
-50 45 0 0 1 0
-100 37 50 0 1 0
-50 29 100 0 1 0
0 21 50 0 1 0
-50 13 0 0 1 0
-104.153 5 -92.1575 0 1 0
-50 13 -100 0 1 0
0 21 -50 0 1 0
-50 29 0 0 1 0
-89.313 37 -53.2009 0 1 0
-50 45 -100 0 1 0
0 53 -50 0 1 0
-50 61 0 0 1 0
-100 69 -50 0 1 0
-38.9333 77 -136.392 0 1 0
0 85 -50 0 1 0
-50 93 0 0 1 0
-100 93 50 0 1 0
-50 93 100 0 1 0
0 85 50 0 1 0
-50 77 0 0 1 0
-100 69 50 0 1 0
-50 61 100 0 1 0
0 53 50 0 1 0
-50 45 0 0 1 0
-100 37 50 0 1 0
-50 29 100 0 1 0
0 21 50 0 1 0
-50 13 0 0 1 0
-111.303 5 -80.4596 0 1 0
-50 13 -100 0 1 0
0 21 -50 0 1 0
-50 29 0 0 1 0
-109.227 37 -46.0524 0 1 0
-50 45 -100 0 1 0
0 53 -50 0 1 0
-50 61 0 0 1 0
-100 69 -50 0 1 0
-69.6399 77 -96.3259 0 1 0
0 85 -50 0 1 0
-50 93 0 0 1 0
-100 93 50 0 1 0
-50 93 100 0 1 0
0 85 50 0 1 0
-50 77 0 0 1 0
-100 69 50 0 1 0
-50 61 100 0 1 0
0 53 50 0 1 0
-50 45 0 0 1 0
-100 37 50 0 1 0
-50 29 100 0 1 0
0 21 50 0 1 0
-50 13 0 0 1 0
-112.132 5 -76.6632 0 1 0
-50 13 -100 0 1 0
0 21 -50 0 1 0
-50 29 0 0 1 0
-115.021 37 -28.6282 0 1 0
-50 45 -100 0 1 0
0 53 -50 0 1 0
-50 61 0 0 1 0
-100 69 -50 0 1 0
-104.346 77 -12.6867 0 1 0
0 85 -50 0 1 0
-50 93 0 0 1 0
-100 93 50 0 1 0
-50 93 100 0 1 0
0 85 50 0 1 0
-50 77 0 0 1 0
-100 69 50 0 1 0
-50 61 100 0 1 0
0 53 50 0 1 0
-50 45 0 0 1 0
-100 37 50 0 1 0
-50 29 100 0 1 0
0 21 50 0 1 0
-50 13 0 0 1 0
-36.8295 5 -71.7087 0 1 0
-50 13 -100 0 1 0
0 21 -50 0 1 0
-50 29 0 0 1 0
-110.04 37 -12.049 0 1 0
-50 45 -100 0 1 0
0 53 -50 0 1 0
-50 61 0 0 1 0
-100 69 -50 0 1 0
-11.0079 77 -127.255 0 1 0
0 85 -50 0 1 0
-50 93 0 0 1 0
-100 93 50 0 1 0
-50 93 100 0 1 0
0 85 50 0 1 0
-50 77 0 0 1 0
-100 69 50 0 1 0
-50 61 100 0 1 0
0 53 50 0 1 0
-50 45 0 0 1 0
-100 37 50 0 1 0
-50 29 100 0 1 0
0 21 50 0 1 0
-50 13 0 0 1 0
-40.0845 5 -91.5996 0 1 0
-50 13 -100 0 1 0
0 21 -50 0 1 0
-50 29 0 0 1 0
-105.703 37 -24.5764 0 1 0
-50 45 -100 0 1 0
0 53 -50 0 1 0
-50 61 0 0 1 0
-100 69 -50 0 1 0
56.3321 77 -269.018 0 1 0
0 85 -50 0 1 0
-50 93 0 0 1 0
-100 93 50 0 1 0
-50 93 100 0 1 0
0 85 50 0 1 0
-50 77 0 0 1 0
-100 69 50 0 1 0
-50 61 100 0 1 0
0 53 50 0 1 0
-50 45 0 0 1 0
-100 37 50 0 1 0
-50 29 100 0 1 0
0 21 50 0 1 0
-50 13 0 0 1 0
-48.9383 5 -90.9815 0 1 0
-50 13 -100 0 1 0
0 21 -50 0 1 0
-50 29 0 0 1 0
-66.2442 37 -118.971 0 1 0
-50 45 -100 0 1 0
0 53 -50 0 1 0
-50 61 0 0 1 0
-100 69 -50 0 1 0
-6.86454 77 -135.29 0 1 0
0 85 -50 0 1 0
-50 93 0 0 1 0
-100 93 50 0 1 0
-50 93 100 0 1 0
0 85 50 0 1 0
-50 77 0 0 1 0
-100 69 50 0 1 0
-50 61 100 0 1 0
0 53 50 0 1 0
-50 45 0 0 1 0
-100 37 50 0 1 0
-50 29 100 0 1 0
0 21 50 0 1 0
-50 13 0 0 1 0
-53.8946 5 -101.247 0 1 0
-50 13 -100 0 1 0
0 21 -50 0 1 0
-50 29 0 0 1 0
-103.582 37 -51.9559 0 1 0
-50 45 -100 0 1 0
0 53 -50 0 1 0
-50 61 0 0 1 0
-100 69 -50 0 1 0
-50 77 -100 0 1 0
0 85 -50 0 1 0
-50 93 0 0 1 0
-100 93 50 0 1 0
-50 93 100 0 1 0
0 85 50 0 1 0
-50 77 0 0 1 0
-100 69 50 0 1 0
-50 61 100 0 1 0
0 53 50 0 1 0
-50 45 0 0 1 0
-100 37 50 0 1 0
-50 29 100 0 1 0
0 21 50 0 1 0
-50 13 0 0 1 0
-67.0098 5 -79.055 0 1 0
-50 13 -100 0 1 0
0 21 -50 0 1 0
-50 29 0 0 1 0
-113.083 37 -44.2179 0 1 0
-50 45 -100 0 1 0
0 53 -50 0 1 0
-50 61 0 0 1 0
-100 69 -50 0 1 0
-50 77 -100 0 1 0
0 85 -50 0 1 0
-50 93 0 0 1 0
-100 93 50 0 1 0
-50 93 100 0 1 0
0 85 50 0 1 0
-50 77 0 0 1 0
-100 69 50 0 1 0
-50 61 100 0 1 0
0 53 50 0 1 0
-50 45 0 0 1 0
-100 37 50 0 1 0
-50 29 100 0 1 0
0 21 50 0 1 0
-50 13 0 0 1 0
-64.6807 5 -82.996 0 1 0
-50 13 -100 0 1 0
0 21 -50 0 1 0
-50 29 0 0 1 0
-115.501 37 -26.2036 0 1 0
-50 45 -100 0 1 0
0 53 -50 0 1 0
-50 61 0 0 1 0
-100 69 -50 0 1 0
-50 77 -100 0 1 0
0 85 -50 0 1 0
-50 93 0 0 1 0
-100 93 50 0 1 0
-50 93 100 0 1 0
0 85 50 0 1 0
-50 77 0 0 1 0
-100 69 50 0 1 0
-50 61 100 0 1 0
0 53 50 0 1 0
-50 45 0 0 1 0
-100 37 50 0 1 0
-50 29 100 0 1 0
0 21 50 0 1 0
-50 13 0 0 1 0
-70.7636 5 -77.2779 0 1 0
-50 13 -100 0 1 0
0 21 -50 0 1 0
-50 29 0 0 1 0
-100 37 -50 0 1 0
-50 45 -100 0 1 0
0 53 -50 0 1 0
-50 61 0 0 1 0
-100 69 -50 0 1 0
-50 77 -100 0 1 0
0 85 -50 0 1 0
-50 93 0 0 1 0
-100 93 50 0 1 0
-50 93 100 0 1 0
0 85 50 0 1 0
-50 77 0 0 1 0
-100 69 50 0 1 0
-50 61 100 0 1 0
0 53 50 0 1 0
-50 45 0 0 1 0
-100 37 50 0 1 0
-50 29 100 0 1 0
0 21 50 0 1 0
-50 13 0 0 1 0
-62.7608 5 -87.1923 0 1 0
-50 13 -100 0 1 0
0 21 -50 0 1 0
-50 29 0 0 1 0
-100 37 -50 0 1 0
-50 45 -100 0 1 0
0 53 -50 0 1 0
-50 61 0 0 1 0
-100 69 -50 0 1 0
-50 77 -100 0 1 0
0 85 -50 0 1 0
-50 93 0 0 1 0
-100 93 50 0 1 0
-50 93 100 0 1 0
0 85 50 0 1 0
-50 77 0 0 1 0
-100 69 50 0 1 0
-50 61 100 0 1 0
0 53 50 0 1 0
-50 45 0 0 1 0
-100 37 50 0 1 0
-50 29 100 0 1 0
0 21 50 0 1 0
-50 13 0 0 1 0
-75.4407 5 -94.7039 0 1 0
-50 13 -100 0 1 0
0 21 -50 0 1 0
-50 29 0 0 1 0
-100 37 -50 0 1 0
-50 45 -100 0 1 0
0 53 -50 0 1 0
-50 61 0 0 1 0
-100 69 -50 0 1 0
-50 77 -100 0 1 0
0 85 -50 0 1 0
-50 93 0 0 1 0
-100 93 50 0 1 0
-50 93 100 0 1 0
0 85 50 0 1 0
-50 77 0 0 1 0
-100 69 50 0 1 0
-50 61 100 0 1 0
0 53 50 0 1 0
-50 45 0 0 1 0
-100 37 50 0 1 0
-50 29 100 0 1 0
0 21 50 0 1 0
-50 13 0 0 1 0
-108.083 5 -13.9573 0 1 0
-50 13 -100 0 1 0
0 21 -50 0 1 0
-50 29 0 0 1 0
-100 37 -50 0 1 0
-50 45 -100 0 1 0
0 53 -50 0 1 0
-50 61 0 0 1 0
-100 69 -50 0 1 0
-50 77 -100 0 1 0
0 85 -50 0 1 0
-50 93 0 0 1 0
-100 93 50 0 1 0
-50 93 100 0 1 0
0 85 50 0 1 0
-50 77 0 0 1 0
-100 69 50 0 1 0
-50 61 100 0 1 0
0 53 50 0 1 0
-50 45 0 0 1 0
-100 37 50 0 1 0
-50 29 100 0 1 0
0 21 50 0 1 0
-50 13 0 0 1 0
-105.041 5 -12.4903 0 1 0
-50 13 -100 0 1 0
0 21 -50 0 1 0
-50 29 0 0 1 0
-100 37 -50 0 1 0
-50 45 -100 0 1 0
0 53 -50 0 1 0
-50 61 0 0 1 0
-100 69 -50 0 1 0
-50 77 -100 0 1 0
0 85 -50 0 1 0
-50 93 0 0 1 0
-100 93 50 0 1 0
-50 93 100 0 1 0
0 85 50 0 1 0
-50 77 0 0 1 0
-100 69 50 0 1 0
-50 61 100 0 1 0
0 53 50 0 1 0
-50 45 0 0 1 0
-100 37 50 0 1 0
-50 29 100 0 1 0
0 21 50 0 1 0
-50 13 0 0 1 0
-122.595 5 -30.4028 0 1 0
-50 13 -100 0 1 0
0 21 -50 0 1 0
-50 29 0 0 1 0
-100 37 -50 0 1 0
-50 45 -100 0 1 0
0 53 -50 0 1 0
-50 61 0 0 1 0
-100 69 -50 0 1 0
-50 77 -100 0 1 0
0 85 -50 0 1 0
-50 93 0 0 1 0
-100 93 50 0 1 0
-50 93 100 0 1 0
0 85 50 0 1 0
-50 77 0 0 1 0
-100 69 50 0 1 0
-50 61 100 0 1 0
0 53 50 0 1 0
-50 45 0 0 1 0
-100 37 50 0 1 0
-50 29 100 0 1 0
0 21 50 0 1 0
-50 13 0 0 1 0
-107.908 5 -20.278 0 1 0
-50 13 -100 0 1 0
0 21 -50 0 1 0
-50 29 0 0 1 0
-100 37 -50 0 1 0
-50 45 -100 0 1 0
0 53 -50 0 1 0
-50 61 0 0 1 0
-100 69 -50 0 1 0
-50 77 -100 0 1 0
0 85 -50 0 1 0
-50 93 0 0 1 0
-100 93 50 0 1 0
-50 93 100 0 1 0
0 85 50 0 1 0
-50 77 0 0 1 0
-100 69 50 0 1 0
-50 61 100 0 1 0
0 53 50 0 1 0
-50 45 0 0 1 0
-100 37 50 0 1 0
-50 29 100 0 1 0
0 21 50 0 1 0
-50 13 0 0 1 0
-110.763 5 -31.5473 0 1 0
-50 13 -100 0 1 0
0 21 -50 0 1 0
-50 29 0 0 1 0
-100 37 -50 0 1 0
-50 45 -100 0 1 0
0 53 -50 0 1 0
-50 61 0 0 1 0
-100 69 -50 0 1 0
-50 77 -100 0 1 0
0 85 -50 0 1 0
-50 93 0 0 1 0
-100 93 50 0 1 0
-50 93 100 0 1 0
0 85 50 0 1 0
-50 77 0 0 1 0
-100 69 50 0 1 0
-50 61 100 0 1 0
0 53 50 0 1 0
-50 45 0 0 1 0
-100 37 50 0 1 0
-50 29 100 0 1 0
0 21 50 0 1 0
-50 13 0 0 1 0
-100 5 -50 0 1 0
-50 13 -100 0 1 0
0 21 -50 0 1 0
-50 29 0 0 1 0
-100 37 -50 0 1 0
-50 45 -100 0 1 0
0 53 -50 0 1 0
-50 61 0 0 1 0
-100 69 -50 0 1 0
-50 77 -100 0 1 0
0 85 -50 0 1 0
-50 93 0 0 1 0
-100 93 50 0 1 0
-50 93 100 0 1 0
0 85 50 0 1 0
-50 77 0 0 1 0
-100 69 50 0 1 0
-50 61 100 0 1 0
0 53 50 0 1 0
-50 45 0 0 1 0
-100 37 50 0 1 0
-50 29 100 0 1 0
0 21 50 0 1 0
-50 13 0 0 1 0
-100 5 -50 0 1 0
-50 13 -100 0 1 0
0 21 -50 0 1 0
-50 29 0 0 1 0
-100 37 -50 0 1 0
-50 45 -100 0 1 0
0 53 -50 0 1 0
-50 61 0 0 1 0
-100 69 -50 0 1 0
-50 77 -100 0 1 0
0 85 -50 0 1 0
-50 93 0 0 1 0
-100 93 50 0 1 0
-50 93 100 0 1 0
0 85 50 0 1 0
-50 77 0 0 1 0
-100 69 50 0 1 0
-50 61 100 0 1 0
0 53 50 0 1 0
-50 45 0 0 1 0
-100 37 50 0 1 0
-50 29 100 0 1 0
0 21 50 0 1 0
-50 13 0 0 1 0
-100 5 -50 0 1 0
-50 13 -100 0 1 0
0 21 -50 0 1 0
-50 29 0 0 1 0
-100 37 -50 0 1 0
-50 45 -100 0 1 0
0 53 -50 0 1 0
-50 61 0 0 1 0
-100 69 -50 0 1 0
-50 77 -100 0 1 0
0 85 -50 0 1 0
-50 93 0 0 1 0
-100 93 50 0 1 0
-50 93 100 0 1 0
0 85 50 0 1 0
-50 77 0 0 1 0
-100 69 50 0 1 0
-50 61 100 0 1 0
0 53 50 0 1 0
-50 45 0 0 1 0
-100 37 50 0 1 0
-50 29 100 0 1 0
0 21 50 0 1 0
-50 13 0 0 1 0
-100 5 -50 0 1 0
-50 13 -100 0 1 0
0 21 -50 0 1 0
-50 29 0 0 1 0
-100 37 -50 0 1 0
-50 45 -100 0 1 0
0 53 -50 0 1 0
-50 61 0 0 1 0
-100 69 -50 0 1 0
-50 77 -100 0 1 0
0 85 -50 0 1 0
-50 93 0 0 1 0
-100 93 50 0 1 0
-50 93 100 0 1 0
0 85 50 0 1 0
-50 77 0 0 1 0
-100 69 50 0 1 0
-50 61 100 0 1 0
0 53 50 0 1 0
-50 45 0 0 1 0
-100 37 50 0 1 0
-50 29 100 0 1 0
0 21 50 0 1 0
-50 13 0 0 1 0
-100 5 -50 0 1 0
-50 13 -100 0 1 0
0 21 -50 0 1 0
-50 29 0 0 1 0
-100 37 -50 0 1 0
-50 45 -100 0 1 0
0 53 -50 0 1 0
-50 61 0 0 1 0
-100 69 -50 0 1 0
-50 77 -100 0 1 0
0 85 -50 0 1 0
-50 93 0 0 1 0
-100 93 50 0 1 0
-50 93 100 0 1 0
0 85 50 0 1 0
-50 77 0 0 1 0
-100 69 50 0 1 0
-50 61 100 0 1 0
0 53 50 0 1 0
-50 45 0 0 1 0
-100 37 50 0 1 0
-50 29 100 0 1 0
0 21 50 0 1 0
-50 13 0 0 1 0
-100 5 -50 0 1 0
-50 13 -100 0 1 0
0 21 -50 0 1 0
-50 29 0 0 1 0
-100 37 -50 0 1 0
-50 45 -100 0 1 0
0 53 -50 0 1 0
-50 61 0 0 1 0
-100 69 -50 0 1 0
-50 77 -100 0 1 0
0 85 -50 0 1 0
-50 93 0 0 1 0
-100 93 50 0 1 0
-50 93 100 0 1 0
0 85 50 0 1 0
-50 77 0 0 1 0
-100 69 50 0 1 0
-50 61 100 0 1 0
0 53 50 0 1 0
-50 45 0 0 1 0
-100 37 50 0 1 0
-50 29 100 0 1 0
0 21 50 0 1 0
-50 13 0 0 1 0
-100 5 -50 0 1 0
-50 13 -100 0 1 0
0 21 -50 0 1 0
-50 29 0 0 1 0
-100 37 -50 0 1 0
-50 45 -100 0 1 0
0 53 -50 0 1 0
-50 61 0 0 1 0
-100 69 -50 0 1 0
-50 77 -100 0 1 0
0 85 -50 0 1 0
-50 93 0 0 1 0
-100 93 50 0 1 0
-50 93 100 0 1 0
0 85 50 0 1 0
-50 77 0 0 1 0
-100 69 50 0 1 0
-50 61 100 0 1 0
0 53 50 0 1 0
-50 45 0 0 1 0
-100 37 50 0 1 0
-50 29 100 0 1 0
0 21 50 0 1 0
-50 13 0 0 1 0
-100 5 -50 0 1 0
-50 13 -100 0 1 0
0 21 -50 0 1 0
-50 29 0 0 1 0
-100 37 -50 0 1 0
-50 45 -100 0 1 0
0 53 -50 0 1 0
-50 61 0 0 1 0
-100 69 -50 0 1 0
-50 77 -100 0 1 0
0 85 -50 0 1 0
-50 93 0 0 1 0
-100 93 50 0 1 0
-50 93 100 0 1 0
0 85 50 0 1 0
-50 77 0 0 1 0
-100 69 50 0 1 0
-50 61 100 0 1 0
0 53 50 0 1 0
-50 45 0 0 1 0
-100 37 50 0 1 0
-50 29 100 0 1 0
0 21 50 0 1 0
-50 13 0 0 1 0
-100 5 -50 0 1 0
-50 13 -100 0 1 0
0 21 -50 0 1 0
-50 29 0 0 1 0
-100 37 -50 0 1 0
-50 45 -100 0 1 0
0 53 -50 0 1 0
-50 61 0 0 1 0
-100 69 -50 0 1 0
-50 77 -100 0 1 0
0 85 -50 0 1 0
-50 93 0 0 1 0
-100 93 50 0 1 0
-50 93 100 0 1 0
0 85 50 0 1 0
-50 77 0 0 1 0
-100 69 50 0 1 0
-50 61 100 0 1 0
0 53 50 0 1 0
-50 45 0 0 1 0
-100 37 50 0 1 0
-50 29 100 0 1 0
0 21 50 0 1 0
-50 13 0 0 1 0
-100 5 -50 0 1 0
-50 13 -100 0 1 0
0 21 -50 0 1 0
-50 29 0 0 1 0
-100 37 -50 0 1 0
-50 45 -100 0 1 0
0 53 -50 0 1 0
-50 61 0 0 1 0
-100 69 -50 0 1 0
-50 77 -100 0 1 0
0 85 -50 0 1 0
-50 93 0 0 1 0
-100 93 50 0 1 0
-50 93 100 0 1 0
0 85 50 0 1 0
-50 77 0 0 1 0
-100 69 50 0 1 0
-50 61 100 0 1 0
0 53 50 0 1 0
-50 45 0 0 1 0
-100 37 50 0 1 0
-50 29 100 0 1 0
0 21 50 0 1 0
-50 13 0 0 1 0
-100 5 -50 0 1 0
-50 13 -100 0 1 0
0 21 -50 0 1 0
-50 29 0 0 1 0
-100 37 -50 0 1 0
-50 45 -100 0 1 0
0 53 -50 0 1 0
-50 61 0 0 1 0
-100 69 -50 0 1 0
-50 77 -100 0 1 0
0 85 -50 0 1 0
-50 93 0 0 1 0
-100 93 50 0 1 0
-50 93 100 0 1 0
0 85 50 0 1 0
-50 77 0 0 1 0
-100 69 50 0 1 0
-50 61 100 0 1 0
0 53 50 0 1 0
-50 45 0 0 1 0
-100 37 50 0 1 0
-50 29 100 0 1 0
0 21 50 0 1 0
-50 13 0 0 1 0
-100 5 -50 0 1 0
-50 13 -100 0 1 0
0 21 -50 0 1 0
-50 29 0 0 1 0
-100 37 -50 0 1 0
-50 45 -100 0 1 0
0 53 -50 0 1 0
-50 61 0 0 1 0
-100 69 -50 0 1 0
-50 77 -100 0 1 0
0 85 -50 0 1 0
-50 93 0 0 1 0
-100 93 50 0 1 0
-50 93 100 0 1 0
0 85 50 0 1 0
-50 77 0 0 1 0
-100 69 50 0 1 0
-50 61 100 0 1 0
0 53 50 0 1 0
-50 45 0 0 1 0
-100 37 50 0 1 0
-50 29 100 0 1 0
0 21 50 0 1 0
-50 13 0 0 1 0
-100 5 -50 0 1 0
-50 13 -100 0 1 0
0 21 -50 0 1 0
-50 29 0 0 1 0
-100 37 -50 0 1 0
-50 45 -100 0 1 0
0 53 -50 0 1 0
-50 61 0 0 1 0
-100 69 -50 0 1 0
-50 77 -100 0 1 0
0 85 -50 0 1 0
-50 93 0 0 1 0
-100 93 50 0 1 0
-50 93 100 0 1 0
0 85 50 0 1 0
-50 77 0 0 1 0
-100 69 50 0 1 0
-50 61 100 0 1 0
0 53 50 0 1 0
-50 45 0 0 1 0
-100 37 50 0 1 0
-50 29 100 0 1 0
0 21 50 0 1 0
-50 13 0 0 1 0
-100 5 -50 0 1 0
-50 13 -100 0 1 0
0 21 -50 0 1 0
-50 29 0 0 1 0
-100 37 -50 0 1 0
-50 45 -100 0 1 0
0 53 -50 0 1 0
-50 61 0 0 1 0
-100 69 -50 0 1 0
-50 77 -100 0 1 0
0 85 -50 0 1 0
-50 93 0 0 1 0
-100 93 50 0 1 0
-50 93 100 0 1 0
0 85 50 0 1 0
-50 77 0 0 1 0
-100 69 50 0 1 0
-50 61 100 0 1 0
0 53 50 0 1 0
-50 45 0 0 1 0
-100 37 50 0 1 0
-50 29 100 0 1 0
0 21 50 0 1 0
-50 13 0 0 1 0
-100 5 -50 0 1 0
-50 13 -100 0 1 0
0 21 -50 0 1 0
-50 29 0 0 1 0
-100 37 -50 0 1 0
-50 45 -100 0 1 0
0 53 -50 0 1 0
-50 61 0 0 1 0
-100 69 -50 0 1 0
-50 77 -100 0 1 0
0 85 -50 0 1 0
-50 93 0 0 1 0
-100 93 50 0 1 0
-50 93 100 0 1 0
0 85 50 0 1 0
-50 77 0 0 1 0
-100 69 50 0 1 0
-50 61 100 0 1 0
0 53 50 0 1 0
-50 45 0 0 1 0
-100 37 50 0 1 0
-50 29 100 0 1 0
0 21 50 0 1 0
-50 13 0 0 1 0
-100 5 -50 0 1 0
-50 13 -100 0 1 0
0 21 -50 0 1 0
-50 29 0 0 1 0
-100 37 -50 0 1 0
-50 45 -100 0 1 0
0 53 -50 0 1 0
-50 61 0 0 1 0
-100 69 -50 0 1 0
-50 77 -100 0 1 0
0 85 -50 0 1 0
-50 93 0 0 1 0
-100 93 50 0 1 0
-50 93 100 0 1 0
0 85 50 0 1 0
-50 77 0 0 1 0
-100 69 50 0 1 0
-50 61 100 0 1 0
0 53 50 0 1 0
-50 45 0 0 1 0
-100 37 50 0 1 0
-50 29 100 0 1 0
0 21 50 0 1 0
-50 13 0 0 1 0
-100 5 -50 0 1 0
-50 13 -100 0 1 0
0 21 -50 0 1 0
-50 29 0 0 1 0
-100 37 -50 0 1 0
-50 45 -100 0 1 0
0 53 -50 0 1 0
-50 61 0 0 1 0
-100 69 -50 0 1 0
-50 77 -100 0 1 0
0 85 -50 0 1 0
-50 93 0 0 1 0
-100 93 50 0 1 0
-50 93 100 0 1 0
0 85 50 0 1 0
-50 77 0 0 1 0
-100 69 50 0 1 0
-50 61 100 0 1 0
0 53 50 0 1 0
-50 45 0 0 1 0
-100 37 50 0 1 0
-50 29 100 0 1 0
0 21 50 0 1 0
-50 13 0 0 1 0
-100 5 -50 0 1 0
-50 13 -100 0 1 0
0 21 -50 0 1 0
-50 29 0 0 1 0
-100 37 -50 0 1 0
-50 45 -100 0 1 0
0 53 -50 0 1 0
-50 61 0 0 1 0
-100 69 -50 0 1 0
-50 77 -100 0 1 0
0 85 -50 0 1 0
-50 93 0 0 1 0
-100 93 50 0 1 0
-50 93 100 0 1 0
0 85 50 0 1 0
-50 77 0 0 1 0
-100 69 50 0 1 0
-50 61 100 0 1 0
0 53 50 0 1 0
-50 45 0 0 1 0
-100 37 50 0 1 0
-50 29 100 0 1 0
0 21 50 0 1 0
-50 13 0 0 1 0
-100 5 -50 0 1 0
-50 13 -100 0 1 0
0 21 -50 0 1 0
-50 29 0 0 1 0
-100 37 -50 0 1 0
-50 45 -100 0 1 0
0 53 -50 0 1 0
-50 61 0 0 1 0
-100 69 -50 0 1 0
-50 77 -100 0 1 0
0 85 -50 0 1 0
-50 93 0 0 1 0
-100 93 50 0 1 0
-50 93 100 0 1 0
0 85 50 0 1 0
-50 77 0 0 1 0
-100 69 50 0 1 0
-50 61 100 0 1 0
0 53 50 0 1 0
-50 45 0 0 1 0
-100 37 50 0 1 0
-50 29 100 0 1 0
0 21 50 0 1 0
-50 13 0 0 1 0
-100 5 -50 0 1 0
-50 13 -100 0 1 0
0 21 -50 0 1 0
-50 29 0 0 1 0
-100 37 -50 0 1 0
-50 45 -100 0 1 0
0 53 -50 0 1 0
-50 61 0 0 1 0
-100 69 -50 0 1 0
-50 77 -100 0 1 0
0 85 -50 0 1 0
-50 93 0 0 1 0
-100 93 50 0 1 0
-50 93 100 0 1 0
0 85 50 0 1 0
-50 77 0 0 1 0
-100 69 50 0 1 0
-50 61 100 0 1 0
0 53 50 0 1 0
-50 45 0 0 1 0
-100 37 50 0 1 0
-50 29 100 0 1 0
0 21 50 0 1 0
-50 13 0 0 1 0
-100 5 -50 0 1 0
-50 13 -100 0 1 0
0 21 -50 0 1 0
-50 29 0 0 1 0
-100 37 -50 0 1 0
-50 45 -100 0 1 0
0 53 -50 0 1 0
-50 61 0 0 1 0
-100 69 -50 0 1 0
-50 77 -100 0 1 0
0 85 -50 0 1 0
-50 93 0 0 1 0
-100 93 50 0 1 0
-50 93 100 0 1 0
0 85 50 0 1 0
-50 77 0 0 1 0
-100 69 50 0 1 0
-50 61 100 0 1 0
0 53 50 0 1 0
-50 45 0 0 1 0
-100 37 50 0 1 0
-50 29 100 0 1 0
0 21 50 0 1 0
-50 13 0 0 1 0
-100 5 -50 0 1 0
-50 13 -100 0 1 0
0 21 -50 0 1 0
-50 29 0 0 1 0
-100 37 -50 0 1 0
-50 45 -100 0 1 0
0 53 -50 0 1 0
-50 61 0 0 1 0
-100 69 -50 0 1 0
-50 77 -100 0 1 0
0 85 -50 0 1 0
-50 93 0 0 1 0
-100 93 50 0 1 0
-50 93 100 0 1 0
0 85 50 0 1 0
-50 77 0 0 1 0
-100 69 50 0 1 0
-50 61 100 0 1 0
0 53 50 0 1 0
-50 45 0 0 1 0
-100 37 50 0 1 0
-50 29 100 0 1 0
0 21 50 0 1 0
-50 13 0 0 1 0
-100 5 -50 0 1 0
-50 13 -100 0 1 0
0 21 -50 0 1 0
-50 29 0 0 1 0
-100 37 -50 0 1 0
-50 45 -100 0 1 0
0 53 -50 0 1 0
-50 61 0 0 1 0
-100 69 -50 0 1 0
-50 77 -100 0 1 0
0 85 -50 0 1 0
-50 93 0 0 1 0
-100 93 50 0 1 0
-50 93 100 0 1 0
0 85 50 0 1 0
-50 77 0 0 1 0
-100 69 50 0 1 0
-50 61 100 0 1 0
0 53 50 0 1 0
-50 45 0 0 1 0
-100 37 50 0 1 0
-50 29 100 0 1 0
0 21 50 0 1 0
-50 13 0 0 1 0
-100 5 -50 0 1 0
-50 13 -100 0 1 0
0 21 -50 0 1 0
-50 29 0 0 1 0
-100 37 -50 0 1 0
-50 45 -100 0 1 0
0 53 -50 0 1 0
-50 61 0 0 1 0
-100 69 -50 0 1 0
-50 77 -100 0 1 0
0 85 -50 0 1 0
-50 93 0 0 1 0
-100 93 50 0 1 0
-50 93 100 0 1 0
0 85 50 0 1 0
-50 77 0 0 1 0
-100 69 50 0 1 0
-50 61 100 0 1 0
0 53 50 0 1 0
-50 45 0 0 1 0
-100 37 50 0 1 0
-50 29 100 0 1 0
0 21 50 0 1 0
-50 13 0 0 1 0
-100 5 -50 0 1 0
-50 13 -100 0 1 0
0 21 -50 0 1 0
-50 29 0 0 1 0
-100 37 -50 0 1 0
-50 45 -100 0 1 0
0 53 -50 0 1 0
-50 61 0 0 1 0
-100 69 -50 0 1 0
-50 77 -100 0 1 0
0 85 -50 0 1 0
-50 93 0 0 1 0
-100 93 50 0 1 0
-50 93 100 0 1 0
0 85 50 0 1 0
-50 77 0 0 1 0
-100 69 50 0 1 0
-50 61 100 0 1 0
0 53 50 0 1 0
-50 45 0 0 1 0
-100 37 50 0 1 0
-50 29 100 0 1 0
0 21 50 0 1 0
-50 13 0 0 1 0
-100 5 -50 0 1 0
-50 13 -100 0 1 0
0 21 -50 0 1 0
-50 29 0 0 1 0
-100 37 -50 0 1 0
-50 45 -100 0 1 0
0 53 -50 0 1 0
-50 61 0 0 1 0
-100 69 -50 0 1 0
-50 77 -100 0 1 0
0 85 -50 0 1 0
-50 93 0 0 1 0
-100 93 50 0 1 0
-50 93 100 0 1 0
0 85 50 0 1 0
-50 77 0 0 1 0
-100 69 50 0 1 0
-50 61 100 0 1 0
0 53 50 0 1 0
-50 45 0 0 1 0
-100 37 50 0 1 0
-50 29 100 0 1 0
0 21 50 0 1 0
-50 13 0 0 1 0
-100 5 -50 0 1 0
-50 13 -100 0 1 0
0 21 -50 0 1 0
-50 29 0 0 1 0
-100 37 -50 0 1 0
-50 45 -100 0 1 0
0 53 -50 0 1 0
-50 61 0 0 1 0
-100 69 -50 0 1 0
-50 77 -100 0 1 0
0 85 -50 0 1 0
-50 93 0 0 1 0
-100 93 50 0 1 0
-50 93 100 0 1 0
0 85 50 0 1 0
-50 77 0 0 1 0
-100 69 50 0 1 0
-50 61 100 0 1 0
0 53 50 0 1 0
-50 45 0 0 1 0
-100 37 50 0 1 0
-50 29 100 0 1 0
0 21 50 0 1 0
-50 13 0 0 1 0
-100 5 -50 0 1 0
-50 13 -100 0 1 0
0 21 -50 0 1 0
-50 29 0 0 1 0
-100 37 -50 0 1 0
-50 45 -100 0 1 0
0 53 -50 0 1 0
-50 61 0 0 1 0
-100 69 -50 0 1 0
-50 77 -100 0 1 0
0 85 -50 0 1 0
-50 93 0 0 1 0
-100 93 50 0 1 0
-50 93 100 0 1 0
0 85 50 0 1 0
-50 77 0 0 1 0
-100 69 50 0 1 0
-50 61 100 0 1 0
0 53 50 0 1 0
-50 45 0 0 1 0
-100 37 50 0 1 0
-50 29 100 0 1 0
0 21 50 0 1 0
-50 13 0 0 1 0
-100 5 -50 0 1 0
-50 13 -100 0 1 0
0 21 -50 0 1 0
-50 29 0 0 1 0
-100 37 -50 0 1 0
-50 45 -100 0 1 0
0 53 -50 0 1 0
-50 61 0 0 1 0
-100 69 -50 0 1 0
-50 77 -100 0 1 0
0 85 -50 0 1 0
-50 93 0 0 1 0
-100 93 50 0 1 0
-50 93 100 0 1 0
0 85 50 0 1 0
-50 77 0 0 1 0
-100 69 50 0 1 0
-50 61 100 0 1 0
0 53 50 0 1 0
-50 45 0 0 1 0
-100 37 50 0 1 0
-50 29 100 0 1 0
0 21 50 0 1 0
-50 13 0 0 1 0
-100 5 -50 0 1 0
-50 13 -100 0 1 0
0 21 -50 0 1 0
-50 29 0 0 1 0
-100 37 -50 0 1 0
-50 45 -100 0 1 0
0 53 -50 0 1 0
-50 61 0 0 1 0
-100 69 -50 0 1 0
-50 77 -100 0 1 0
0 85 -50 0 1 0
-50 93 0 0 1 0
-100 93 50 0 1 0
-50 93 100 0 1 0
0 85 50 0 1 0
-50 77 0 0 1 0
-100 69 50 0 1 0
-50 61 100 0 1 0
0 53 50 0 1 0
-50 45 0 0 1 0
-100 37 50 0 1 0
-50 29 100 0 1 0
0 21 50 0 1 0
-50 13 0 0 1 0
-100 5 -50 0 1 0
-50 13 -100 0 1 0
0 21 -50 0 1 0
-50 29 0 0 1 0
-100 37 -50 0 1 0
-50 45 -100 0 1 0
0 53 -50 0 1 0
-50 61 0 0 1 0
-100 69 -50 0 1 0
-50 77 -100 0 1 0
0 85 -50 0 1 0
-50 93 0 0 1 0
-100 93 50 0 1 0
-50 93 100 0 1 0
0 85 50 0 1 0
-50 77 0 0 1 0
-100 69 50 0 1 0
-50 61 100 0 1 0
0 53 50 0 1 0
-50 45 0 0 1 0
-100 37 50 0 1 0
-50 29 100 0 1 0
0 21 50 0 1 0
-50 13 0 0 1 0
-100 5 -50 0 1 0
-50 13 -100 0 1 0
0 21 -50 0 1 0
-50 29 0 0 1 0
-100 37 -50 0 1 0
-50 45 -100 0 1 0
0 53 -50 0 1 0
-50 61 0 0 1 0
-100 69 -50 0 1 0
-50 77 -100 0 1 0
0 85 -50 0 1 0
-50 93 0 0 1 0
-100 93 50 0 1 0
-50 93 100 0 1 0
0 85 50 0 1 0
-50 77 0 0 1 0
-100 69 50 0 1 0
-50 61 100 0 1 0
0 53 50 0 1 0
-50 45 0 0 1 0
-100 37 50 0 1 0
-50 29 100 0 1 0
0 21 50 0 1 0
-50 13 0 0 1 0
-100 5 -50 0 1 0
-50 13 -100 0 1 0
0 21 -50 0 1 0
-50 29 0 0 1 0
-100 37 -50 0 1 0
-50 45 -100 0 1 0
0 53 -50 0 1 0
-50 61 0 0 1 0
-100 69 -50 0 1 0
-50 77 -100 0 1 0
0 85 -50 0 1 0
-50 93 0 0 1 0
-100 93 50 0 1 0
-50 93 100 0 1 0
0 85 50 0 1 0
-50 77 0 0 1 0
-100 69 50 0 1 0
-50 61 100 0 1 0
0 53 50 0 1 0
-50 45 0 0 1 0
-100 37 50 0 1 0
-50 29 100 0 1 0
0 21 50 0 1 0
-50 13 0 0 1 0
-100 5 -50 0 1 0
-50 13 -100 0 1 0
0 21 -50 0 1 0
-50 29 0 0 1 0
-100 37 -50 0 1 0
-50 45 -100 0 1 0
0 53 -50 0 1 0
-50 61 0 0 1 0
-100 69 -50 0 1 0
-50 77 -100 0 1 0
0 85 -50 0 1 0
-50 93 0 0 1 0
-100 93 50 0 1 0
-50 93 100 0 1 0
0 85 50 0 1 0
-50 77 0 0 1 0
-100 69 50 0 1 0
-50 61 100 0 1 0
0 53 50 0 1 0
-50 45 0 0 1 0
-100 37 50 0 1 0
-50 29 100 0 1 0
0 21 50 0 1 0
-50 13 0 0 1 0
-100 5 -50 0 1 0
-50 13 -100 0 1 0
0 21 -50 0 1 0
-50 29 0 0 1 0
-100 37 -50 0 1 0
-50 45 -100 0 1 0
0 53 -50 0 1 0
-50 61 0 0 1 0
-100 69 -50 0 1 0
-50 77 -100 0 1 0
0 85 -50 0 1 0
-50 93 0 0 1 0
-100 93 50 0 1 0
-50 93 100 0 1 0
0 85 50 0 1 0
-50 77 0 0 1 0
-100 69 50 0 1 0
-50 61 100 0 1 0
0 53 50 0 1 0
-50 45 0 0 1 0
-100 37 50 0 1 0
-50 29 100 0 1 0
0 21 50 0 1 0
-50 13 0 0 1 0
-100 5 -50 0 1 0
-50 13 -100 0 1 0
0 21 -50 0 1 0
-50 29 0 0 1 0
-100 37 -50 0 1 0
-50 45 -100 0 1 0
0 53 -50 0 1 0
-50 61 0 0 1 0
-100 69 -50 0 1 0
-50 77 -100 0 1 0
0 85 -50 0 1 0
-50 93 0 0 1 0
-100 93 50 0 1 0
-50 93 100 0 1 0
0 85 50 0 1 0
-50 77 0 0 1 0
-100 69 50 0 1 0
-50 61 100 0 1 0
0 53 50 0 1 0
-50 45 0 0 1 0
-100 37 50 0 1 0
-50 29 100 0 1 0
0 21 50 0 1 0
-50 13 0 0 1 0
-100 5 -50 0 1 0
-50 13 -100 0 1 0
0 21 -50 0 1 0
-50 29 0 0 1 0
-100 37 -50 0 1 0
-50 45 -100 0 1 0
0 53 -50 0 1 0
-50 61 0 0 1 0
-100 69 -50 0 1 0
-50 77 -100 0 1 0
0 85 -50 0 1 0
-50 93 0 0 1 0
-100 93 50 0 1 0
-50 93 100 0 1 0
0 85 50 0 1 0
-50 77 0 0 1 0
-100 69 50 0 1 0
-50 61 100 0 1 0
0 53 50 0 1 0
-50 45 0 0 1 0
-100 37 50 0 1 0
-50 29 100 0 1 0
0 21 50 0 1 0
-50 13 0 0 1 0
-100 5 -50 0 1 0
-50 13 -100 0 1 0
0 21 -50 0 1 0
-50 29 0 0 1 0
-100 37 -50 0 1 0
-50 45 -100 0 1 0
0 53 -50 0 1 0
-50 61 0 0 1 0
-100 69 -50 0 1 0
-50 77 -100 0 1 0
0 85 -50 0 1 0
-50 93 0 0 1 0
-100 93 50 0 1 0
-50 93 100 0 1 0
0 85 50 0 1 0
-50 77 0 0 1 0
-100 69 50 0 1 0
-50 61 100 0 1 0
0 53 50 0 1 0
-50 45 0 0 1 0
-100 37 50 0 1 0
-50 29 100 0 1 0
0 21 50 0 1 0
-50 13 0 0 1 0
-100 5 -50 0 1 0
-50 13 -100 0 1 0
0 21 -50 0 1 0
-50 29 0 0 1 0
-100 37 -50 0 1 0
-50 45 -100 0 1 0
0 53 -50 0 1 0
-50 61 0 0 1 0
-100 69 -50 0 1 0
-50 77 -100 0 1 0
0 85 -50 0 1 0
-50 93 0 0 1 0
-100 93 50 0 1 0
-50 93 100 0 1 0
0 85 50 0 1 0
-50 77 0 0 1 0
-100 69 50 0 1 0
-50 61 100 0 1 0
0 53 50 0 1 0
-50 45 0 0 1 0
-100 37 50 0 1 0
-50 29 100 0 1 0
0 21 50 0 1 0
-50 13 0 0 1 0
-100 5 -50 0 1 0
-50 13 -100 0 1 0
0 21 -50 0 1 0
-50 29 0 0 1 0
-100 37 -50 0 1 0
-50 45 -100 0 1 0
0 53 -50 0 1 0
-50 61 0 0 1 0
-100 69 -50 0 1 0
-50 77 -100 0 1 0
0 85 -50 0 1 0
-50 93 0 0 1 0
-100 93 50 0 1 0
-50 93 100 0 1 0
0 85 50 0 1 0
-50 77 0 0 1 0
-100 69 50 0 1 0
-50 61 100 0 1 0
0 53 50 0 1 0
-50 45 0 0 1 0
-100 37 50 0 1 0
-50 29 100 0 1 0
0 21 50 0 1 0
-50 13 0 0 1 0
-100 5 -50 0 1 0
-50 13 -100 0 1 0
0 21 -50 0 1 0
-50 29 0 0 1 0
-100 37 -50 0 1 0
-50 45 -100 0 1 0
0 53 -50 0 1 0
-50 61 0 0 1 0
-100 69 -50 0 1 0
-50 77 -100 0 1 0
0 85 -50 0 1 0
-50 93 0 0 1 0
-100 93 50 0 1 0
-50 93 100 0 1 0
0 85 50 0 1 0
-50 77 0 0 1 0
-100 69 50 0 1 0
-50 61 100 0 1 0
0 53 50 0 1 0
-50 45 0 0 1 0
-100 37 50 0 1 0
-50 29 100 0 1 0
0 21 50 0 1 0
-50 13 0 0 1 0
-100 5 -50 0 1 0
-50 13 -100 0 1 0
0 21 -50 0 1 0
-50 29 0 0 1 0
-100 37 -50 0 1 0
-50 45 -100 0 1 0
0 53 -50 0 1 0
-50 61 0 0 1 0
-100 69 -50 0 1 0
-50 77 -100 0 1 0
0 85 -50 0 1 0
-50 93 0 0 1 0
-100 93 50 0 1 0
-50 93 100 0 1 0
0 85 50 0 1 0
-50 77 0 0 1 0
-100 69 50 0 1 0
-50 61 100 0 1 0
0 53 50 0 1 0
-50 45 0 0 1 0
-100 37 50 0 1 0
-50 29 100 0 1 0
0 21 50 0 1 0
-50 13 0 0 1 0
-100 5 -50 0 1 0
-50 13 -100 0 1 0
0 21 -50 0 1 0
-50 29 0 0 1 0
-100 37 -50 0 1 0
-50 45 -100 0 1 0
0 53 -50 0 1 0
-50 61 0 0 1 0
-100 69 -50 0 1 0
-50 77 -100 0 1 0
0 85 -50 0 1 0
-50 93 0 0 1 0
-100 93 50 0 1 0
-50 93 100 0 1 0
0 85 50 0 1 0
-50 77 0 0 1 0
-100 69 50 0 1 0
-50 61 100 0 1 0
0 53 50 0 1 0
-50 45 0 0 1 0
-100 37 50 0 1 0
-50 29 100 0 1 0
0 21 50 0 1 0
-50 13 0 0 1 0
-100 5 -50 0 1 0
-50 13 -100 0 1 0
0 21 -50 0 1 0
-50 29 0 0 1 0
-100 37 -50 0 1 0
-50 45 -100 0 1 0
0 53 -50 0 1 0
-50 61 0 0 1 0
-100 69 -50 0 1 0
-50 77 -100 0 1 0
0 85 -50 0 1 0
-50 93 0 0 1 0
-100 93 50 0 1 0
-50 93 100 0 1 0
0 85 50 0 1 0
-50 77 0 0 1 0
-100 69 50 0 1 0
-50 61 100 0 1 0
0 53 50 0 1 0
-50 45 0 0 1 0
-100 37 50 0 1 0
-50 29 100 0 1 0
0 21 50 0 1 0
-50 13 0 0 1 0
-100 5 -50 0 1 0
-50 13 -100 0 1 0
0 21 -50 0 1 0
-50 29 0 0 1 0
-100 37 -50 0 1 0
-50 45 -100 0 1 0
0 53 -50 0 1 0
-50 61 0 0 1 0
-100 69 -50 0 1 0
-50 77 -100 0 1 0
0 85 -50 0 1 0
-50 93 0 0 1 0
-100 93 50 0 1 0
-50 93 100 0 1 0
0 85 50 0 1 0
-50 77 0 0 1 0
-100 69 50 0 1 0
-50 61 100 0 1 0
0 53 50 0 1 0
-50 45 0 0 1 0
-100 37 50 0 1 0
-50 29 100 0 1 0
0 21 50 0 1 0
-50 13 0 0 1 0
-100 5 -50 0 1 0
-50 13 -100 0 1 0
0 21 -50 0 1 0
-50 29 0 0 1 0
-100 37 -50 0 1 0
-50 45 -100 0 1 0
0 53 -50 0 1 0
-50 61 0 0 1 0
-100 69 -50 0 1 0
-50 77 -100 0 1 0
0 85 -50 0 1 0
-50 93 0 0 1 0
-100 93 50 0 1 0
-50 93 100 0 1 0
0 85 50 0 1 0
-50 77 0 0 1 0
-100 69 50 0 1 0
-50 61 100 0 1 0
0 53 50 0 1 0
-50 45 0 0 1 0
-100 37 50 0 1 0
-50 29 100 0 1 0
0 21 50 0 1 0
-50 13 0 0 1 0
-100 5 -50 0 1 0
-50 13 -100 0 1 0
0 21 -50 0 1 0
-50 29 0 0 1 0
-100 37 -50 0 1 0
-50 45 -100 0 1 0
0 53 -50 0 1 0
-50 61 0 0 1 0
-100 69 -50 0 1 0
-50 77 -100 0 1 0
0 85 -50 0 1 0
-50 93 0 0 1 0
-100 93 50 0 1 0
-50 93 100 0 1 0
0 85 50 0 1 0
-50 77 0 0 1 0
-100 69 50 0 1 0
-50 61 100 0 1 0
0 53 50 0 1 0
-50 45 0 0 1 0
-100 37 50 0 1 0
-50 29 100 0 1 0
0 21 50 0 1 0
-50 13 0 0 1 0
-100 5 -50 0 1 0
-50 13 -100 0 1 0
0 21 -50 0 1 0
-50 29 0 0 1 0
-100 37 -50 0 1 0
-50 45 -100 0 1 0
0 53 -50 0 1 0
-50 61 0 0 1 0
-100 69 -50 0 1 0
-50 77 -100 0 1 0
0 85 -50 0 1 0
-50 93 0 0 1 0
-100 93 50 0 1 0
-50 93 100 0 1 0
0 85 50 0 1 0
-50 77 0 0 1 0
-100 69 50 0 1 0
-50 61 100 0 1 0
0 53 50 0 1 0
-50 45 0 0 1 0
-100 37 50 0 1 0
-50 29 100 0 1 0
0 21 50 0 1 0
-50 13 0 0 1 0
-100 5 -50 0 1 0
-50 13 -100 0 1 0
0 21 -50 0 1 0
-50 29 0 0 1 0
-100 37 -50 0 1 0
-50 45 -100 0 1 0
0 53 -50 0 1 0
-50 61 0 0 1 0
-100 69 -50 0 1 0
-50 77 -100 0 1 0
0 85 -50 0 1 0
-50 93 0 0 1 0
-100 93 50 0 1 0
-50 93 100 0 1 0
0 85 50 0 1 0
-50 77 0 0 1 0
-100 69 50 0 1 0
-50 61 100 0 1 0
0 53 50 0 1 0
-50 45 0 0 1 0
-100 37 50 0 1 0
-50 29 100 0 1 0
0 21 50 0 1 0
-50 13 0 0 1 0
-100 5 -50 0 1 0
-50 13 -100 0 1 0
0 21 -50 0 1 0
-50 29 0 0 1 0
-100 37 -50 0 1 0
-50 45 -100 0 1 0
0 53 -50 0 1 0
-50 61 0 0 1 0
-100 69 -50 0 1 0
-50 77 -100 0 1 0
0 85 -50 0 1 0
-50 93 0 0 1 0
-100 93 50 0 1 0
-50 93 100 0 1 0
0 85 50 0 1 0
-50 77 0 0 1 0
-100 69 50 0 1 0
-50 61 100 0 1 0
0 53 50 0 1 0
-50 45 0 0 1 0
-100 37 50 0 1 0
-50 29 100 0 1 0
0 21 50 0 1 0
-50 13 0 0 1 0
-100 5 -50 0 1 0
-50 13 -100 0 1 0
0 21 -50 0 1 0
-50 29 0 0 1 0
-100 37 -50 0 1 0
-50 45 -100 0 1 0
0 53 -50 0 1 0
-50 61 0 0 1 0
-100 69 -50 0 1 0
-50 77 -100 0 1 0
0 85 -50 0 1 0
-50 93 0 0 1 0
-100 93 50 0 1 0
-50 93 100 0 1 0
0 85 50 0 1 0
-50 77 0 0 1 0
-100 69 50 0 1 0
-50 61 100 0 1 0
0 53 50 0 1 0
-50 45 0 0 1 0
-100 37 50 0 1 0
-50 29 100 0 1 0
0 21 50 0 1 0
-50 13 0 0 1 0
0 0 0 0 1 0
